Sample	AQP1	S100A1	TAGLN2	CPAMD8	IGFBP7	CTSZ	GPNMB	S100A4	COL1A1	CD74
SH017	0.58506391	1.6132880259	1.7175252321	0.4811535472	2.6765817527	0.2576964777	0.7262564682	2.4946836424	4.8392510002	0.4037472078
SH028	0.33737423	3.2262845707	1.997854105	1.997854105	1.6998231715	0.3582013543	0.5479935276	1.4890609519	1.0081558981	0.4366849185
SH039	0.7251534378	0.9651449744	1.5211123329	1.3331993457	2.1809626025	0.2124620724	1.1831282598	0.657009468	7.550942923	0.355330859
SH029	0.3428736343	2.5330875205	1.0321077403	2.2519195591	1.2685580657	0.205251127	0.6037728872	1.5247848634	1.0670665694	0.2482007738
SH057	0.7665348496	4.0287539478	1.6389242361	1.6606085408	1.1334846345	0.198226514	0.4983661688	0.4468033692	2.7555804534	0.3864926861
SH031	0.3558418698	2.027566181	1.3965508533	0.7941548411	3.4185135727	0.3211698903	0.8796757624	1.9541595784	1.6530314655	0.6319366491
SH023	0.3875967666	3.7904371272	1.0507425485	1.5856185418	2.5555923435	0.1706176955	0.3312780632	1.221334068	0.9138960162	0.1301027214
SH049	0.9891406103	2.5401048532	1.6084639128	0.8043180846	2.9833854642	0.1666842922	0.3495293575	0.5390351311	0.9611898681	0.3523365269
SH007	0.1122215295	3.9772249463	5.4201133432	0.9426056652	3.2816562666	0.3082285758	0.3548087765	0.7128258076	0.4423859921	0.0399475256
SH005	0.234257843	5.2873621824	0.7947761181	2.1623537378	2.0589320017	0.2346698042	0.2899275848	0.892740985	1.3364340861	0.080996359
SH045	0.6532190964	3.0628435179	1.2466024293	0.9480244701	2.2439626854	0.2753919845	0.5749069749	0.6010214171	0.5213183736	0.6504020682
SH060	0.9809277821	4.8320066038	1.6155276865	1.3252264228	1.7972394038	0.229046569	0.6881089607	0.4174592584	3.6478362073	0.4663524435
SH059	1.2882861575	2.2720530466	1.5490269874	0.8000901215	1.8371815192	0.2014282089	0.5989192943	0.4898275467	3.6931522205	0.2532384467
SH006	0.1913136141	5.7803130928	0.4435718363	3.1645938765	1.5736704807	0.1371365268	0.1291222772	0.5738730715	0.4245247191	0.0489523407
SH008	0.0659303308	6.8627296705	0.7448778593	5.0707830268	0.6655734627	0.146417952	0.2231619863	0.9171196275	0.7563388904	0.0761564058
SH043	0.2646405337	1.9563025091	1.1623965843	1.9591081499	2.2046228288	0.1548917503	0.2313959761	0.6820555604	0.2376935872	0.0750800497
SH041	0.9182517898	2.2902682515	2.3649190005	1.3363560519	1.7643031506	0.1761710195	0.3749175516	0.6399412595	2.2568830562	0.0891754672
SH024	0.318585411	1.5686302175	0.7775464238	1.4171479712	0.9155072099	0.1195106311	0.3363667353	0.2819725409	0.2820379729	0.1078750629
SH002	0.1184388155	3.5279960064	0.373473072	1.0704294191	2.0908728793	0.1963703256	0.2286165198	0.9958555391	0.5860717418	0.0564593637
SH032	0.101128278	7.6393525962	0.9130854471	1.9525588688	1.3878552993	0.2375136434	0.1444940794	1.2084268117	0.3721593562	0.060619975
SH012	0.1183931798	2.4306977014	0.6082523375	1.443805168	0.8298640172	0.1325865263	0.0647278232	0.1548605248	0.1612781269	0.0749481977
SH011	0.2939293823	3.8271760078	0.9712979878	1.7514790392	2.2434559342	0.2087653226	0.1308049294	1.5201450038	0.2009151209	0.1460521009
SH026	0.1860006024	4.959490065	0.7536837335	1.9164307735	0.8460688173	0.1831099237	0.0854490224	0.9548818323	0.2715674625	0.0801509546
SH037	0.2626616752	1.8460179486	1.3071018967	2.5180765129	1.1890491175	0.144946896	0.1079210911	0.2085586986	1.8635963486	0.0905086642
SH020	0.1083623475	3.1183605845	0.5283520348	1.1096283465	0.1830847486	0.0996563069	0.0778495346	0.1442677887	0.106058242	0.0919583136
SH004	0.0787504447	5.0455586862	0.4629248436	2.656921105	0.7681793573	0.1091516503	0.0320427768	0.5146358094	0.2284023769	0.0293130107
SH038	0.1501636397	5.2836574672	0.4774246101	2.2849846098	0.4262536147	0.1841080058	0.1107656537	0.1539730518	0.1935140646	0.0800343362
SH046	0.134901387	6.2457055033	0.6713756867	3.7489555922	1.207727785	0.1634196378	0.0984600909	0.3932272131	0.1709133717	0.0404036553
SH047	0.2454463991	2.2592573919	0.8806662229	1.69633185	0.813104125	0.1228395873	0.1282801108	0.2409506254	0.6163278516	0.0420795416
SH025	0.0622733047	7.3750228248	0.5425526479	2.0039211421	1.1751184666	0.2244678374	0.236885095	0.5113858172	0.5481446041	0.112381284
SH035	0.495620971	5.4019130123	0.7145617917	3.5592662175	1.1178408367	0.1724516214	0.3826393691	0.3392266936	0.8421266988	0.1917796998
SH053	0.1567896671	2.664019673	0.6401430741	2.0431513115	0.4945456771	0.1120700769	0.0735212641	0.2012016683	0.0598663886	0.0365133873
SH018	0.109986174	5.5755871963	0.8435368267	1.8833686955	0.8430334562	0.1376870724	0.0913963523	0.2496750914	1.2280580613	0.1287632638
SH051	0.2405685042	2.897364281	0.8755280552	0.9950740085	0.5969834062	0.0822679079	0.1896827528	0.3343038907	0.7701312569	0.0645087522
SH048	0.2313931718	4.0516883721	0.6731757975	3.4283931926	1.6360442325	0.2090864228	0.2026475126	0.3172428163	0.9147216151	0.040636866
SH052	0.3278439494	2.2365961678	1.0607013251	1.6849289674	0.715943179	0.1967369856	0.226878735	0.4256443957	0.6935514552	0.1970143183
SH009	0.1582565849	5.1454904229	0.5222852124	2.7835546208	0.4765561467	0.0948228209	0.2694029137	0.2057536613	0.7114599979	0.1127551778
SH013	0.5506102048	8.8499324312	1.0536348143	1.3339715825	1.9212998906	0.1784597075	0.2059130822	0.2637596205	2.4407802131	0.2142348237
SH040	0.1241321932	2.435981173	0.6419041368	1.5396205218	2.299062984	0.1652481638	0.2427423267	0.1632634703	0.8558001295	0.1487511521
SH054	0.3597915648	4.3932140532	1.1365926342	1.444214349	2.220983057	0.178001596	0.126424074	0.4478455066	0.4145946835	0.0537571833
SH055	0.0896694215	5.2637703482	0.4698924902	1.8692190178	0.9340307991	0.1126510007	0.1924643121	0.1214224684	0.1997469049	0.0469890339
SH003	0.512346088767263	2.01149262575843	1.16201373457794	1.20403679916364	2.37055514265601	0.150969033511362	0.120617976740979	0.393124204669738	1.89304493469692	0.076506448239122
SH019	0.301083295094541	5.37753159812904	0.991086442148714	1.14785590709715	1.80498186473553	0.113615499948604	0.198309563942903	0.394560870019282	1.11931499550181	0.171450416828258
SH063	1.13179528075047	1.82390966395379	1.90513324615044	0.850519320553497	3.30539862732971	0.261883121422732	0.861611185431791	0.471296705527086	3.90847417247612	0.539261799546375
SH064	0.059170195329746	6.66486991062439	0.52950515102838	3.1288746673936	1.03020212720371	0.09586405497469	0.074881013763711	0.199693479832381	0.152488203917965	0.086470052204541
SH065	0.548543810587781	2.27056213897621	1.77193339599426	1.26227439186767	1.79660272653743	0.123800338409279	0.317532207013695	0.35821800853744	3.37900794844911	0.066088054911519
SH066	0.963097055727887	4.5252891770281	1.46496492881323	1.2491128121029	2.82516638966943	0.168402228958269	0.679666868935541	0.394790109725622	2.3269128326587	0.256787806879797
SH067	0.177202367609645	8.35678804428892	0.558868941661357	5.31574874713246	0.65802174886537	0.121551683031761	0.116076726739124	0.155325051687037	0.18111826897441	0.054602877292655
SH068	0.459045575839356	5.21735723561915	0.888113969910079	2.36886075101349	1.2136564836645	0.144142881134415	0.746838512290798	0.258943299956792	1.8754011518802	0.379331568976671
SH069	0.14900351677596	9.59068085176074	0.576613832065576	4.26484519344614	0.76835388927436	0.099967377039118	0.177363270076949	0.107948370109774	0.183159880679322	0.144103724841054
SH067	0.177202367609645	8.35678804428892	0.558868941661357	5.31574874713246	0.65802174886537	0.121551683031761	0.116076726739124	0.155325051687037	0.18111826897441	0.054602877292655
SH068	0.459045575839356	5.21735723561915	0.888113969910079	2.36886075101349	1.2136564836645	0.144142881134415	0.746838512290798	0.258943299956792	1.8754011518802	0.379331568976671
SH069	0.14900351677596	9.59068085176074	0.576613832065576	4.26484519344614	0.76835388927436	0.099967377039118	0.177363270076949	0.107948370109774	0.183159880679322	0.144103724841054
SH070	0.510565815338987	3.80989625758959	1.09989634260545	3.04868286967786	3.51000994461391	0.172158860276045	0.275816595813089	0.268543897128239	1.46217795844647	0.066350256574712
SH071	0.089461075980987	9.50272894198741	0.533339695721944	3.98469418918381	1.35302101503514	0.168579692341137	0.042028909610581	0.074159482733879	0.026248314242879	0.049759250448783
SH074	0.177585546829331	2.51479783915131	1.22353849650812	2.60289382308232	1.90435973459795	0.190180732989506	0.24576336790071	0.264350064447912	1.26386967780464	0.151499881744371
SH075	0.358892324864798	4.28369939537394	0.852351894825407	0.933830773630405	2.72395320050232	0.147307475927125	0.233732860981815	0.273322071525648	1.68900929359592	0.169641117605557
SH076	0.457490425676527	5.7847547991857	1.19998024960473	3.32978376500948	0.853084300299152	0.237821101474541	0.347755085829968	0.221614598846502	0.964695504460942	0.125758656625568
SH077	1.25803771029608	3.55728727421505	1.75066684365248	2.07255038970363	2.64572304129762	0.281244618700502	0.699945591409796	0.296045747136029	2.44676535379541	0.409241569525489
SH078	0.03468286246851	8.39996912764978	0.362868922349338	2.88962038263532	0.518140565836633	0.074850594500028	0.026505138434013	0.0690335363291	0.094150658656419	0.016355491472781
SH079	0.114011360252496	8.44493254497145	0.57552118525591	1.8321056896193	0.965427435416202	0.098802232196492	0.078983709506877	0.185614847872463	0.360820959298799	0.022583711742521
SH080	0.134733783173149	3.39543004561812	0.552990748723998	1.97667120535713	1.07831995408752	0.082261599857852	0.099032114076474	0.058477742803182	0.13147169728251	0.068569577858945
SH081	0.138568949362355	3.00690193321163	0.819577145912207	0.819454173225737	1.21620610238185	0.079349981834042	0.071424652285197	0.197745457745089	0.26114818780901	0.017653007652234
SH082	0.256129866380357	8.08221360280313	1.49011061096141	3.06535376457136	0.620426300015667	0.191254226820091	0.06088810043944	0.147284854056726	0.754813695515232	0.172446871578701
SH084	0.207778284300884	7.40760540809352	0.671884626780261	2.43986448582294	1.41184913172027	0.16769934088489	0.182314471436277	0.15911579735541	0.632529830093108	0.2284721413488
SH085	0.454154077574559	5.02156286118669	1.18330476488035	2.88725849904005	1.0972636208322	0.145469453722039	0.260487856807443	0.195045795416533	0.54959989305541	0.070661619136865
